29
5 5
3 -2
-5 -3
7 8
10001 10001
-3 8
10 6
1 2
10001 10001
1 1
3 3
4 4
10001 10001
1 1
4 4
3 3
10001 10001
1 1
2 2
10001 10001
1 1
-2 2
10001 10001
1 1
-2 2
10001 10001
1 1
-2 -2
10001 10001
1 1
2 -2
-2 2
2 2
-2 -2
10001 10001
6 0
6 -5
6 5
10001 10001
6 0
2 3
10 3
10001 10001
6 0
10 3
2 3
10001 10001
6 0
6 -5
2 3
10001 10001
6 0
2 3
6 -5
10001 10001
6 0
6 -5
2 3
10 3
10001 10001
6 0
6 -5
10 3
2 3
10001 10001
6 0
10 3
2 3
6 -5
10001 10001
10000 10000
0 10000
0 -10000
-10000 0
10000 0
10001 10001
-10000 10000
0 10000
0 -10000
-10000 0
10000 0
10001 10001
-10000 -10000
0 10000
0 -10000
-10000 0
10000 0
10001 10001
10000 -10000
0 10000
0 -10000
-10000 0
10000 0
10001 10001
20 0
20 -10
14 8
26 8
20 -5
17 4
23 4
10001 10001
2400 5675
1600 2300
552 8595
4314 3127
5709 5012
10001 10001
-2400 5675
-1600 2300
-552 8595
-4314 3127
-5709 5012
10001 10001
-2400 -5675
-1600 -2300
-552 -8595
-4314 -3127
-5709 -5012
10001 10001
2400 -5675
1600 -2300
552 -8595
4314 -3127
5709 -5012
10001 10001
10000 10000
-4400 9990
9990 -4400
10001 10001
10000 10000
-4000 9990
9990 -4000
10001 10001
10000 -10000
-4000 -9990
9990 4000
10001 10001